1515505386 - 0 0 0 0 0 0 0
1515505716 - 0 0 0 0 0 0 0
1515505789 - 0 0 0 0 0 0 0
1515505799 - 0 0 0 0 0 0 0
1515506041 - 0 0 0 0 0 0 0
1515506279 - 0 0 0 0 0 0 0
1515506766 - 0 0 0 0 0 0 0
1515507356 - 0 0 0 0 0 0 0
1515507386 - 0 0 0 0 0 0 0
1515507416 - 0 0 0 0 0 0 0
1515507573 - 0 0 0 0 0 0 0
1515507752 - 0 0 0 0 0 0 0
1515507852 - 0 0 0 0 0 0 0
1515507906 - 0 0 0 0 0 0 0
1515507936 - 0 0 0 0 0 0 0
1515507978 - 0 0 0 0 0 0 0
1515508008 - 0 0 0 0 0 0 0
1515508030 - 0 0 0 0 0 0 0
1515508063 - 0 0 0 0 0 0 0
1515508069 - 0 0 0 0 0 0 0
1515508082 - 0 0 0 0 0 0 0
1515508191 - 0 0 0 0 0 0 0
1515508221 - 0 0 0 0 0 0 0
1515508256 - 0 0 0 0 0 0 0
1515508321 - 0 0 0 0 0 0 0
1515508356 - 0 0 0 0 0 0 0
1515508362 - 0 0 0 0 0 0 0
1515508370 - 0 0 0 0 0 0 0
1515508491 - 0 0 0 0 0 0 0
1515508521 - 0 0 0 0 0 0 0
1515508551 - 0 0 0 0 0 0 0
1515508581 - 0 0 0 0 0 0 0
1515508611 - 0 0 0 0 0 0 0
1515508641 - 0 0 0 0 0 0 0
1515508671 - 0 0 0 0 0 0 0
1515508812 - 0 0 0 0 0 0 0
1515508819 - 0 0 0 0 0 0 0
1515508824 - 0 0 0 0 0 0 0
1515508854 - 0 0 0 0 0 0 0
1515508884 - 0 0 0 0 0 0 0
1515508914 - 0 0 0 0 0 0 0
1515508944 - 0 0 0 0 0 0 0
1515508974 - 0 0 0 0 0 0 0
1515508991 - 0 0 0 0 0 0 0
1515509060 - 0 0 0 0 0 0 0
1515509116 - 0 0 0 0 0 0 0
1515509198 - 0 0 0 0 0 0 0
1515509307 - 0 0 0 0 0 0 0
1515509382 - 0 0 0 0 0 0 0
1515509412 - 0 0 0 0 0 0 0
1515509442 - 0 0 0 0 0 0 0
1515509472 - 0 0 0 0 0 0 0
1515509502 - 0 0 0 0 0 0 0
1515509532 - 0 0 0 0 0 0 0
1515509550 - 0 0 0 0 0 0 0
1515509580 - 0 0 0 0 0 0 0
1515509588 - 0 0 0 0 0 0 0
1515509618 - 0 0 0 0 0 0 0
1515509648 - 0 0 0 0 0 0 0
1515509667 - 0 0 0 0 0 0 0
1515509721 - 0 0 0 0 0 0 0
1515509756 - 0 0 0 0 0 0 0
1515509786 - 0 0 0 0 0 0 0
1515509813 - 0 0 0 0 0 0 0
1515509843 - 0 0 0 0 0 0 0
1515509878 - 0 0 0 0 0 0 0
1515509883 - 0 0 0 0 0 0 0
1515509890 - 0 0 0 0 0 0 0
1515509962 - 0 0 0 0 0 0 0
1515510008 - 0 0 0 0 0 0 0
1515510073 - 0 0 0 0 0 0 0
1515510124 - 0 0 0 0 0 0 0
1515510154 - 0 0 0 0 0 0 0
1515510184 - 0 0 0 0 0 0 0
1515510221 - 0 0 0 0 0 0 0
1515510264 - 0 0 0 0 0 0 0
1515510326 - 0 0 0 0 0 0 0
1515510373 - 0 0 0 0 0 0 0
1515510403 - 0 0 0 0 0 0 0
1515510438 - 0 0 0 0 0 0 0
1515510468 - 0 0 0 0 0 0 0
1515510498 - 0 0 0 0 0 0 0
1515510526 - 0 0 0 0 0 0 0
1515510556 - 0 0 0 0 0 0 0
1515510576 - 0 0 0 0 0 0 0
1515510611 - 0 0 0 0 0 0 0
1515510641 - 0 0 0 0 0 0 0
1515510671 - 0 0 0 0 0 0 0
1515510700 - 0 0 0 0 0 0 0
1515510730 - 0 0 0 0 0 0 0
